#          omega_b,        omega_cdm,               H0,              n_s,              A_s,         tau_reio,        A_cib_217,        xi_sz_cib,             A_sz,     ps_A_100_100,     ps_A_143_143,     ps_A_143_217,     ps_A_217_217,         ksz_norm,     gal545_A_100,     gal545_A_143, gal545_A_143_217,     gal545_A_217,    galf_TE_A_100, galf_TE_A_100_143, galf_TE_A_100_217,    galf_TE_A_143, galf_TE_A_143_217,    galf_TE_A_217,       calib_100T,       calib_217T,         A_planck,                M,              age,           rs_rec,      100*theta_s,           sigma8,          Omega_m,     Omega_Lambda
 1.513684e-08	-2.317418e-08	 2.301024e-05	 8.741486e-08	 1.669309e-15	 4.013595e-07	-1.166212e-04	 2.094451e-06	 1.721943e-05	-3.223391e-04	-1.829312e-04	-3.817375e-05	 5.073197e-05	-2.802857e-05	-7.721117e-06	 3.456569e-06	 9.104812e-06	 5.162990e-05	-1.462197e-07	-2.030606e-08	-8.548168e-07	 2.254211e-07	-8.455199e-07	-3.519900e-06	-2.107397e-09	-4.694790e-09	-1.468634e-08	 6.425745e-07	-1.831144e-06	-5.918562e-06	 3.056508e-09	 2.102817e-07	-2.286033e-07	 2.286568e-07	
-2.317418e-08	 7.512583e-07	-2.861785e-04	-1.339486e-06	-5.562743e-15	-2.187550e-06	-2.632127e-04	-3.178335e-06	 1.665483e-04	-3.829760e-03	-1.333324e-04	 4.093667e-04	 6.847624e-04	-1.566976e-04	 4.620303e-05	-1.750082e-04	 8.917336e-05	 3.845424e-04	 2.830629e-06	 1.016639e-06	-2.575338e-06	-1.886150e-06	 1.010670e-06	-4.655433e-06	 5.757441e-09	 9.077541e-08	-8.580609e-08	-7.341385e-06	 5.696400e-06	-1.752318e-04	 7.713553e-09	 1.171741e-06	 4.203494e-06	-4.204158e-06	
 2.301024e-05	-2.861785e-04	 1.337262e-01	 5.710879e-04	 3.758425e-12	 1.176483e-03	-7.659367e-03	 1.874958e-03	-5.588577e-02	 1.228767e+00	-9.079193e-02	-2.362722e-01	-2.285168e-01	 4.189592e-02	-2.242275e-02	 7.663403e-02	-4.798256e-03	-4.784801e-02	-1.275041e-03	-3.286254e-04	 1.663943e-04	 7.920096e-04	-1.977515e-03	-5.071712e-03	-6.805357e-06	-3.510875e-05	 2.753466e-05	 3.504726e-03	-4.756628e-03	 5.560808e-02	 3.247839e-05	-1.378731e-04	-1.797198e-03	 1.797509e-03	
 8.741486e-08	-1.339486e-06	 5.710879e-04	 1.019244e-05	 2.760602e-14	 9.663652e-06	-3.828750e-03	 9.666702e-05	 2.642073e-04	-1.135471e-02	-4.131814e-03	 7.585698e-04	 3.549168e-03	-1.198432e-03	 7.227782e-05	-2.335705e-04	-6.664006e-04	-4.080910e-05	-6.874486e-06	 2.563460e-06	 1.348939e-05	 6.524363e-06	 3.349771e-07	 7.234810e-06	-1.414450e-08	-3.627607e-07	-7.783683e-07	 1.484506e-05	-1.683861e-05	 2.761672e-04	 4.363972e-08	 3.580778e-06	-7.956912e-06	 7.958229e-06	
 1.669309e-15	-5.562743e-15	 3.758425e-12	 2.760602e-14	 1.110871e-21	 2.575393e-13	-1.417456e-11	-3.389741e-13	 4.170852e-12	-3.821939e-11	-3.449749e-11	-8.438339e-12	 1.846607e-11	-8.440901e-12	 2.659665e-12	-1.087160e-12	-6.846674e-12	-4.742246e-12	-1.150623e-13	-1.070138e-13	 1.319232e-13	-1.111971e-13	-2.973240e-14	 2.865164e-13	 1.689180e-15	-1.601661e-15	 9.034365e-15	 1.045542e-13	-2.291267e-13	 1.209025e-13	 7.864588e-16	 1.964053e-13	-4.295425e-14	 4.296290e-14	
 4.013595e-07	-2.187550e-06	 1.176483e-03	 9.663652e-06	 2.575393e-13	 6.772730e-05	-4.161785e-03	-1.266176e-04	 1.319261e-03	-1.407725e-02	-1.180218e-02	-4.873567e-03	 1.642963e-03	-1.569854e-03	 6.205047e-04	 8.069486e-05	-1.121625e-03	-1.199376e-03	-3.215389e-05	-2.640517e-05	 3.213341e-05	-1.542584e-05	 8.567301e-06	 8.811699e-05	 3.366902e-07	-4.855046e-07	-3.867020e-06	 3.207248e-05	-5.627793e-05	 2.480619e-04	 9.856562e-08	 4.336811e-05	-1.466999e-05	 1.467269e-05	
-1.166212e-04	-2.632127e-04	-7.659367e-03	-3.828750e-03	-1.417456e-11	-4.161785e-03	 4.292559e+01	-4.270133e-01	-2.969040e-01	 2.763536e+01	 9.272914e-01	-1.160546e+01	-5.144830e+01	-6.500965e-01	 1.089635e+00	 1.454034e+00	-4.767749e+00	-3.103417e+01	 2.422665e-02	 9.658699e-04	 4.062263e-02	-4.130329e-02	-2.347997e-02	-1.905060e-02	-1.486814e-04	 6.534324e-04	 1.886141e-03	-1.973396e-03	 1.106177e-02	 1.596179e-01	 9.659711e-06	-4.350376e-03	-7.095914e-04	 7.095509e-04	
 2.094451e-06	-3.178335e-06	 1.874958e-03	 9.666702e-05	-3.389741e-13	-1.266176e-04	-4.270133e-01	 8.212898e-02	-8.735156e-02	-6.753282e-02	 9.413362e-01	 1.573890e+00	 6.129580e-01	 7.625609e-02	 1.469515e-02	 3.904315e-02	 1.262263e-01	 1.918787e-01	-3.102282e-04	-4.876553e-05	-1.340847e-03	 1.569756e-04	-2.471000e-04	 7.961831e-04	-6.812311e-08	-6.364484e-06	 3.002776e-05	 4.441831e-05	-1.368304e-04	-8.236377e-04	-3.487110e-06	-5.737025e-05	-1.930640e-05	 1.931086e-05	
 1.721943e-05	 1.665483e-04	-5.588577e-02	 2.642073e-04	 4.170852e-12	 1.319261e-03	-2.969040e-01	-8.735156e-02	 3.856005e+00	-3.119795e+01	-4.256491e+00	 6.433638e+00	 4.224048e+00	-2.535829e+00	-2.897448e-01	-1.086771e-01	 2.202249e+00	 2.393708e+00	 5.575982e-03	 3.749293e-03	-2.659070e-04	 2.410757e-03	 4.877729e-03	-3.384883e-02	 1.404124e-04	-2.734637e-05	-4.988641e-04	-1.575703e-03	-1.701603e-05	-5.632261e-02	-3.672382e-05	 1.345643e-03	 9.144652e-04	-9.145876e-04	
-3.223391e-04	-3.829760e-03	 1.228767e+00	-1.135471e-02	-3.821939e-11	-1.407725e-02	 2.763536e+01	-6.753282e-02	-3.119795e+01	 7.915923e+02	 7.059517e+01	-5.707730e+01	-6.109577e+01	 1.667245e+01	-5.336119e+00	 7.943940e+00	-5.133853e+00	-6.948366e+00	-4.359677e-02	-1.755989e-02	 7.176279e-02	-4.330471e-02	-7.559128e-02	-3.410070e-02	 4.101591e-03	 5.787986e-04	 1.164093e-02	 2.878937e-02	 3.565429e-03	 1.239493e+00	 4.623123e-04	-2.218660e-02	-2.022532e-02	 2.022815e-02	
-1.829312e-04	-1.333324e-04	-9.079193e-02	-4.131814e-03	-3.449749e-11	-1.180218e-02	 9.272914e-01	 9.413362e-01	-4.256491e+00	 7.059517e+01	 5.937907e+01	 3.647519e+01	 1.438409e+01	-3.835771e+00	 8.064642e-01	-7.053718e-01	 3.401271e+00	 5.347851e+00	 5.598512e-04	 9.316724e-04	-3.332975e-02	 7.428876e-03	 2.215111e-02	 1.127790e-01	-8.106091e-05	 9.279978e-05	 3.701230e-03	-3.770319e-03	 1.670376e-02	 1.779554e-01	 8.204982e-05	-7.529395e-03	 1.526123e-04	-1.528406e-04	
-3.817375e-05	 4.093667e-04	-2.362722e-01	 7.585698e-04	-8.438339e-12	-4.873567e-03	-1.160546e+01	 1.573890e+00	 6.433638e+00	-5.707730e+01	 3.647519e+01	 7.725118e+01	 4.807901e+01	-9.991900e+00	-3.061408e-02	-1.429155e+00	 3.209926e+00	 5.685828e+00	 1.195115e-02	 4.211538e-03	-5.723735e-02	 1.324190e-02	 2.506879e-02	 1.086360e-02	 2.843710e-04	-4.276411e-04	 1.556037e-03	-7.322755e-03	 1.097700e-02	-7.524026e-02	-1.681509e-04	 8.231152e-06	 2.988450e-03	-2.988988e-03	
 5.073197e-05	 6.847624e-04	-2.285168e-01	 3.549168e-03	 1.846607e-11	 1.642963e-03	-5.144830e+01	 6.129580e-01	 4.224048e+00	-6.109577e+01	 1.438409e+01	 4.807901e+01	 9.662661e+01	-7.718555e+00	-1.403684e+00	-3.458632e+00	 2.307694e+00	 2.741890e+01	-1.366241e-02	 7.792356e-04	-7.454540e-02	 5.277751e-02	 3.763956e-02	 3.489019e-02	 2.579033e-04	-1.306780e-03	 3.724278e-04	-4.680558e-03	 3.111802e-04	-2.163920e-01	-8.820163e-05	 6.710079e-03	 3.652308e-03	-3.652812e-03	
-2.802857e-05	-1.566976e-04	 4.189592e-02	-1.198432e-03	-8.440901e-12	-1.569854e-03	-6.500965e-01	 7.625609e-02	-2.535829e+00	 1.667245e+01	-3.835771e+00	-9.991900e+00	-7.718555e+00	 5.330678e+00	-1.350054e-01	 5.117486e-02	-1.668415e+00	-1.544914e+00	-7.166942e-03	-4.065025e-03	 7.194032e-03	-1.800493e-03	-4.759641e-03	 2.999775e-02	-8.247688e-05	 9.061556e-07	 1.650832e-04	 1.350573e-03	 1.283610e-03	 6.224076e-02	 3.490866e-05	-2.376442e-03	-7.887253e-04	 7.888270e-04	
-7.721117e-06	 4.620303e-05	-2.242275e-02	 7.227782e-05	 2.659665e-12	 6.205047e-04	 1.089635e+00	 1.469515e-02	-2.897448e-01	-5.336119e+00	 8.064642e-01	-3.061408e-02	-1.403684e+00	-1.350054e-01	 3.767939e+00	 8.398842e-01	 4.085661e-01	-5.712815e-03	 3.762879e-03	-4.958738e-04	 4.412304e-03	-5.695147e-03	 4.329354e-03	 4.212414e-02	 1.060138e-04	 4.054913e-05	 1.248239e-04	-3.309837e-04	 9.520454e-04	-5.837379e-03	 3.120193e-06	 7.232207e-04	 2.891507e-04	-2.892104e-04	
 3.456569e-06	-1.750082e-04	 7.663403e-02	-2.335705e-04	-1.087160e-12	 8.069486e-05	 1.454034e+00	 3.904315e-02	-1.086771e-01	 7.943940e+00	-7.053718e-01	-1.429155e+00	-3.458632e+00	 5.117486e-02	 8.398842e-01	 3.448026e+00	 3.207957e+00	 3.204819e+00	-2.642170e-04	 1.988678e-03	-1.427459e-03	 1.843121e-04	-3.224861e-03	-3.757177e-02	-1.806977e-04	 8.089601e-05	 1.733470e-04	 2.001684e-03	-2.160499e-03	 4.236595e-02	 3.316681e-05	-8.526536e-04	-1.075006e-03	 1.075181e-03	
 9.104812e-06	 8.917336e-05	-4.798256e-03	-6.664006e-04	-6.846674e-12	-1.121625e-03	-4.767749e+00	 1.262263e-01	 2.202249e+00	-5.133853e+00	 3.401271e+00	 3.209926e+00	 2.307694e+00	-1.668415e+00	 4.085661e-01	 3.207957e+00	 1.143144e+01	 2.000011e+01	-2.626355e-03	 9.716554e-03	-5.613183e-03	 1.503849e-02	 6.840275e-03	-3.686668e-02	-3.042524e-05	 5.862844e-04	-2.902889e-04	 2.439708e-05	-2.250700e-03	-3.002691e-02	 5.601379e-05	-1.180581e-03	 2.479071e-04	-2.479124e-04	
 5.162990e-05	 3.845424e-04	-4.784801e-02	-4.080910e-05	-4.742246e-12	-1.199376e-03	-3.103417e+01	 1.918787e-01	 2.393708e+00	-6.948366e+00	 5.347851e+00	 5.685828e+00	 2.741890e+01	-1.544914e+00	-5.712815e-03	 3.204819e+00	 2.000011e+01	 5.415424e+01	-2.173547e-02	 1.428600e-02	-2.859571e-02	 4.691883e-02	 2.101734e-02	-3.034849e-02	 5.648410e-05	 1.230391e-03	-2.721345e-04	 4.788086e-05	-7.639379e-03	-1.396041e-01	 1.287121e-04	 3.423053e-04	 1.341597e-03	-1.341686e-03	
-1.462197e-07	 2.830629e-06	-1.275041e-03	-6.874486e-06	-1.150623e-13	-3.215389e-05	 2.422665e-02	-3.102282e-04	 5.575982e-03	-4.359677e-02	 5.598512e-04	 1.195115e-02	-1.366241e-02	-7.166942e-03	 3.762879e-03	-2.642170e-04	-2.626355e-03	-2.173547e-02	 1.455399e-03	 2.925035e-04	 2.029254e-04	-3.987907e-04	-1.987737e-04	-3.884052e-04	 1.274099e-06	-6.626761e-07	 7.591743e-07	-3.322382e-05	 4.045288e-05	-6.155942e-04	-3.885405e-07	-1.434038e-05	 1.737406e-05	-1.737687e-05	
-2.030606e-08	 1.016639e-06	-3.286254e-04	 2.563460e-06	-1.070138e-13	-2.640517e-05	 9.658699e-04	-4.876553e-05	 3.749293e-03	-1.755989e-02	 9.316724e-04	 4.211538e-03	 7.792356e-04	-4.065025e-03	-4.958738e-04	 1.988678e-03	 9.716554e-03	 1.428600e-02	 2.925035e-04	 9.351224e-04	-1.466696e-04	 7.232812e-04	-2.630828e-04	-1.547326e-03	-5.418403e-07	 1.194140e-06	 6.105327e-07	-6.453135e-06	 2.191050e-06	-2.460062e-04	 1.559302e-07	-1.605979e-05	 5.167175e-06	-5.167943e-06	
-8.548168e-07	-2.575338e-06	 1.663943e-04	 1.348939e-05	 1.319232e-13	 3.213341e-05	 4.062263e-02	-1.340847e-03	-2.659070e-04	 7.176279e-02	-3.332975e-02	-5.723735e-02	-7.454540e-02	 7.194032e-03	 4.412304e-03	-1.427459e-03	-5.613183e-03	-2.859571e-02	 2.029254e-04	-1.466696e-04	 6.916397e-03	-7.582376e-04	 8.446146e-04	 4.954036e-03	 9.483343e-07	-5.303631e-07	 7.327743e-06	-6.249763e-06	 7.854442e-05	 1.336189e-03	 5.647324e-08	 2.409280e-05	-8.846822e-06	 8.847148e-06	
 2.254211e-07	-1.886150e-06	 7.920096e-04	 6.524363e-06	-1.111971e-13	-1.542584e-05	-4.130329e-02	 1.569756e-04	 2.410757e-03	-4.330471e-02	 7.428876e-03	 1.324190e-02	 5.277751e-02	-1.800493e-03	-5.695147e-03	 1.843121e-04	 1.503849e-02	 4.691883e-02	-3.987907e-04	 7.232812e-04	-7.582376e-04	 2.915400e-03	 7.204411e-05	-1.733222e-03	-1.629972e-06	 1.382463e-06	-7.560150e-06	 1.785995e-05	-2.543653e-05	 3.093838e-04	-2.547289e-07	-2.673845e-05	-1.088126e-05	 1.088319e-05	
-8.455199e-07	 1.010670e-06	-1.977515e-03	 3.349771e-07	-2.973240e-14	 8.567301e-06	-2.347997e-02	-2.471000e-04	 4.877729e-03	-7.559128e-02	 2.215111e-02	 2.506879e-02	 3.763956e-02	-4.759641e-03	 4.329354e-03	-3.224861e-03	 6.840275e-03	 2.101734e-02	-1.987737e-04	-2.630828e-04	 8.446146e-04	 7.204411e-05	 6.785834e-03	 9.626981e-03	 9.590215e-07	-2.371238e-07	-1.291146e-05	-6.253576e-05	 1.711556e-04	 4.018762e-04	-2.516363e-06	-7.266260e-07	 1.816120e-05	-1.816576e-05	
-3.519900e-06	-4.655433e-06	-5.071712e-03	 7.234810e-06	 2.865164e-13	 8.811699e-05	-1.905060e-02	 7.961831e-04	-3.384883e-02	-3.410070e-02	 1.127790e-01	 1.086360e-02	 3.489019e-02	 2.999775e-02	 4.212414e-02	-3.757177e-02	-3.686668e-02	-3.034849e-02	-3.884052e-04	-1.547326e-03	 4.954036e-03	-1.733222e-03	 9.626981e-03	 7.643339e-02	-1.745702e-06	 1.630659e-06	 3.447254e-06	-1.651501e-04	 6.726015e-04	 3.957533e-03	-1.049231e-05	 4.625384e-05	 2.773257e-05	-2.774497e-05	
-2.107397e-09	 5.757441e-09	-6.805357e-06	-1.414450e-08	 1.689180e-15	 3.366902e-07	-1.486814e-04	-6.812311e-08	 1.404124e-04	 4.101591e-03	-8.106091e-05	 2.843710e-04	 2.579033e-04	-8.247688e-05	 1.060138e-04	-1.806977e-04	-3.042524e-05	 5.648410e-05	 1.274099e-06	-5.418403e-07	 9.483343e-07	-1.629972e-06	 9.590215e-07	-1.745702e-06	 3.803009e-07	-8.826554e-09	 3.663444e-09	-1.580456e-07	 5.104875e-07	 2.045545e-07	-8.723975e-09	 3.374909e-07	 7.244828e-08	-7.246341e-08	
-4.694790e-09	 9.077541e-08	-3.510875e-05	-3.627607e-07	-1.601661e-15	-4.855046e-07	 6.534324e-04	-6.364484e-06	-2.734637e-05	 5.787986e-04	 9.279978e-05	-4.276411e-04	-1.306780e-03	 9.061556e-07	 4.054913e-05	 8.089601e-05	 5.862844e-04	 1.230391e-03	-6.626761e-07	 1.194140e-06	-5.303631e-07	 1.382463e-06	-2.371238e-07	 1.630659e-06	-8.826554e-09	 3.906048e-07	-3.593015e-09	-9.077247e-07	 7.894593e-07	-1.964712e-05	 4.270906e-09	-8.757247e-08	 5.092221e-07	-5.093042e-07	
-1.468634e-08	-8.580609e-08	 2.753466e-05	-7.783683e-07	 9.034365e-15	-3.867020e-06	 1.886141e-03	 3.002776e-05	-4.988641e-04	 1.164093e-02	 3.701230e-03	 1.556037e-03	 3.724278e-04	 1.650832e-04	 1.248239e-04	 1.733470e-04	-2.902889e-04	-2.721345e-04	 7.591743e-07	 6.105327e-07	 7.327743e-06	-7.560150e-06	-1.291146e-05	 3.447254e-06	 3.663444e-09	-3.593015e-09	 6.008346e-06	 6.006503e-07	 2.774137e-07	 3.351579e-05	 3.111271e-08	 1.278769e-06	-4.720436e-07	 4.721158e-07	
 6.425745e-07	-7.341385e-06	 3.504726e-03	 1.484506e-05	 1.045542e-13	 3.207248e-05	-1.973396e-03	 4.441831e-05	-1.575703e-03	 2.878937e-02	-3.770319e-03	-7.322755e-03	-4.680558e-03	 1.350573e-03	-3.309837e-04	 2.001684e-03	 2.439708e-05	 4.788086e-05	-3.322382e-05	-6.453135e-06	-6.249763e-06	 1.785995e-05	-6.253576e-05	-1.651501e-04	-1.580456e-07	-9.077247e-07	 6.006503e-07	 1.086780e-04	-1.300623e-04	 1.385451e-03	 9.135726e-07	-2.050009e-06	-4.667923e-05	 4.668737e-05	
-1.831144e-06	 5.696400e-06	-4.756628e-03	-1.683861e-05	-2.291267e-13	-5.627793e-05	 1.106177e-02	-1.368304e-04	-1.701603e-05	 3.565429e-03	 1.670376e-02	 1.097700e-02	 3.111802e-04	 1.283610e-03	 9.520454e-04	-2.160499e-03	-2.250700e-03	-7.639379e-03	 4.045288e-05	 2.191050e-06	 7.854442e-05	-2.543653e-05	 1.711556e-04	 6.726015e-04	 5.104875e-07	 7.894593e-07	 2.774137e-07	-1.300623e-04	 3.186103e-04	-2.814743e-05	-3.185981e-06	-2.533656e-05	 5.202135e-05	-5.203240e-05	
-5.918562e-06	-1.752318e-04	 5.560808e-02	 2.761672e-04	 1.209025e-13	 2.480619e-04	 1.596179e-01	-8.236377e-04	-5.632261e-02	 1.239493e+00	 1.779554e-01	-7.524026e-02	-2.163920e-01	 6.224076e-02	-5.837379e-03	 4.236595e-02	-3.002691e-02	-1.396041e-01	-6.155942e-04	-2.460062e-04	 1.336189e-03	 3.093838e-04	 4.018762e-04	 3.957533e-03	 2.045545e-07	-1.964712e-05	 3.351579e-05	 1.385451e-03	-2.814743e-05	 4.976497e-02	-4.412020e-06	-4.669831e-04	-9.026849e-04	 9.028138e-04	
 3.056508e-09	 7.713553e-09	 3.247839e-05	 4.363972e-08	 7.864588e-16	 9.856562e-08	 9.659711e-06	-3.487110e-06	-3.672382e-05	 4.623123e-04	 8.204982e-05	-1.681509e-04	-8.820163e-05	 3.490866e-05	 3.120193e-06	 3.316681e-05	 5.601379e-05	 1.287121e-04	-3.885405e-07	 1.559302e-07	 5.647324e-08	-2.547289e-07	-2.516363e-06	-1.049231e-05	-8.723975e-09	 4.270906e-09	 3.111271e-08	 9.135726e-07	-3.185981e-06	-4.412020e-06	 9.704290e-08	 2.670688e-07	-2.746365e-07	 2.747121e-07	
 2.102817e-07	 1.171741e-06	-1.378731e-04	 3.580778e-06	 1.964053e-13	 4.336811e-05	-4.350376e-03	-5.737025e-05	 1.345643e-03	-2.218660e-02	-7.529395e-03	 8.231152e-06	 6.710079e-03	-2.376442e-03	 7.232207e-04	-8.526536e-04	-1.180581e-03	 3.423053e-04	-1.434038e-05	-1.605979e-05	 2.409280e-05	-2.673845e-05	-7.266260e-07	 4.625384e-05	 3.374909e-07	-8.757247e-08	 1.278769e-06	-2.050009e-06	-2.533656e-05	-4.669831e-04	 2.670688e-07	 4.210197e-05	 4.250848e-06	-4.251183e-06	
-2.286033e-07	 4.203494e-06	-1.797198e-03	-7.956912e-06	-4.295425e-14	-1.466999e-05	-7.095914e-04	-1.930640e-05	 9.144652e-04	-2.022532e-02	 1.526123e-04	 2.988450e-03	 3.652308e-03	-7.887253e-04	 2.891507e-04	-1.075006e-03	 2.479071e-04	 1.341597e-03	 1.737406e-05	 5.167175e-06	-8.846822e-06	-1.088126e-05	 1.816120e-05	 2.773257e-05	 7.244828e-08	 5.092221e-07	-4.720436e-07	-4.667923e-05	 5.202135e-05	-9.026849e-04	-2.746365e-07	 4.250848e-06	 2.510604e-05	-2.511021e-05	
 2.286568e-07	-4.204158e-06	 1.797509e-03	 7.958229e-06	 4.296290e-14	 1.467269e-05	 7.095509e-04	 1.931086e-05	-9.145876e-04	 2.022815e-02	-1.528406e-04	-2.988988e-03	-3.652812e-03	 7.888270e-04	-2.892104e-04	 1.075181e-03	-2.479124e-04	-1.341686e-03	-1.737687e-05	-5.167943e-06	 8.847148e-06	 1.088319e-05	-1.816576e-05	-2.774497e-05	-7.246341e-08	-5.093042e-07	 4.721158e-07	 4.668737e-05	-5.203240e-05	 9.028138e-04	 2.747121e-07	-4.251183e-06	-2.511021e-05	 2.511438e-05	
