# logA n_s H0 omega_b omega_cdm tau_reio A_planck calib_100T calib_217T A_cib_217 xi_sz_cib A_sz ksz_norm gal545_A_100 gal545_A_143 gal545_A_143_217 gal545_A_217 ps_A_100_100 ps_A_143_143 ps_A_143_217 ps_A_217_217 galf_TE_A_100 galf_TE_A_100_143 galf_TE_A_100_217 galf_TE_A_143 galf_TE_A_143_217 galf_TE_A_217
2.011147073708105938e-04 1.089040368747502654e-05 1.414213073142618583e-03 3.521074154049233470e-07 -2.893685590380983942e-06 9.419941565791718091e-05 8.962816142038669044e-06 7.238536132351357541e-08 -2.363142749115813005e-07 -2.315738082725744568e-03 1.483465331399788526e-04 1.674135557991542718e-03 -1.969703225511654655e-03 -6.027634262686558733e-04 -1.058581095940202080e-04 -4.031692109351853225e-04 3.452716996932915007e-04 -3.032559141736454467e-02 -8.777738394180207779e-03 1.664348300176023100e-03 4.168683546230103967e-03 6.296735538694324927e-06 7.124567544452741170e-06 -9.425500389327221788e-06 -4.904377224947486365e-06 7.263492257519935261e-06 -1.196937536680323821e-04
1.089040368747502654e-05 1.383805097141861452e-05 8.894241423508426891e-04 1.524931617011985595e-07 -1.937307381263742823e-06 8.176052350961875899e-06 3.156453617204334486e-07 -6.660009526579535350e-08 -7.296310501504675944e-08 -4.193435669955259369e-03 1.000857790794440662e-04 1.180256127605267035e-03 -2.366238032397556968e-03 2.471732851257844193e-04 -4.151255382086616865e-04 -1.026726118451937544e-04 1.510151988743612316e-03 -2.579314271927314259e-02 -6.221080729419389832e-03 2.486227177536735455e-03 5.115144654546152810e-03 2.875913543076961800e-06 1.474135245843489438e-06 5.715150890187840018e-06 -3.596456225860787409e-07 -1.298862716809049352e-05 -2.129317879076520368e-05
1.414213073142618583e-03 8.894241423508426891e-04 1.709431203968672375e-01 3.608249996398072914e-05 -3.502238450011340440e-04 1.023888717863422494e-03 5.523336761237789385e-05 2.310325305832827706e-06 -2.848872232698216474e-07 -2.707424756721360862e-02 2.677436845165507076e-03 4.484273428549308965e-02 -5.883615953076552774e-02 -1.155067490566859256e-02 -1.660892539376054161e-02 -1.903421010499948066e-02 -2.841737561795908487e-02 -8.783075043363245404e-01 -3.114250505722612750e-01 -7.250710134482919733e-02 -7.888003599573141511e-02 -2.983278997028513692e-04 1.444872863889384710e-04 5.912387972582628867e-04 -4.581470216374717653e-04 -1.708034392828758656e-03 -3.555943945896303769e-03
3.521074154049233470e-07 1.524931617011985595e-07 3.608249996398072914e-05 1.761293775804310670e-08 -5.059660725749164022e-08 1.872176485441667577e-07 1.303369379788816930e-08 1.584990479545379045e-09 -8.035115978376751665e-10 -5.363855557387960278e-05 2.440954632629275782e-06 1.953422653485397523e-05 -2.826122494996141153e-05 3.613970184094646496e-06 -8.383915995004218223e-06 -1.008345604915414075e-05 -5.330745979415829310e-06 -4.632390397256608045e-04 -1.905302098925378733e-04 -4.375610563919900704e-05 -1.017246547356103399e-05 -1.424102641583858975e-08 4.816070344262815566e-08 9.283008266501075274e-08 -1.670608770743063822e-07 -2.713290786252953642e-07 -5.997695604255620270e-07
-2.893685590380983942e-06 -1.937307381263742823e-06 -3.502238450011340440e-04 -5.059660725749164022e-08 8.344906864259590026e-07 -2.313179226448900320e-06 -1.187374328453220649e-07 -6.288561378247539695e-09 3.442595497398341089e-09 -9.412128498030708219e-05 -1.409382270939803874e-06 -7.442986637146498173e-05 1.106693048375378150e-04 3.249730800353032483e-05 1.185416879689278102e-05 2.804622045326698865e-05 9.911108731618742276e-05 1.171519472074335558e-03 3.841036462786601505e-04 9.119284447633585488e-05 2.446208645253174089e-04 7.008999098355150167e-07 -3.858938694449248366e-07 -1.593452283301055085e-06 4.510394958280678948e-07 3.654646517684918667e-06 8.247911093179058269e-06
9.419941565791718091e-05 8.176052350961875899e-06 1.023888717863422494e-03 1.872176485441667577e-07 -2.313179226448900320e-06 5.168881331166439168e-05 -1.478203732408866271e-06 -1.070683527478217807e-08 -5.586852134870455011e-08 -5.670133248645600581e-04 5.974902685325763431e-05 5.913016829709566132e-04 -5.784702780709468934e-04 -1.759266069605588761e-04 7.814377773452054366e-05 -2.032873859312116238e-04 -9.909622541746843007e-04 -1.655541518124304182e-02 -5.249909600468002230e-03 -1.180721110118537146e-03 -1.967802417450469857e-03 1.908440375305511912e-06 2.536774566734789081e-06 -1.730713153395295420e-06 -1.582013904830963557e-06 2.623903561263168145e-06 -7.497266466876176109e-05
8.962816142038669044e-06 3.156453617204334486e-07 5.523336761237789385e-05 1.303369379788816930e-08 -1.187374328453220649e-07 -1.478203732408866483e-06 6.068488430698486412e-06 -1.082012089010650870e-08 -7.462728799279854868e-08 1.518009143111331285e-04 -8.483466617958818949e-06 3.121723267803476194e-04 -1.886393886143954320e-04 -3.777003774017424585e-05 8.024444223148840757e-05 1.432123540578026993e-04 1.058007109821143630e-03 1.921556632756719245e-03 3.934545944034147850e-04 1.024319751408252340e-03 2.406786629501364832e-03 8.974563420365118938e-07 1.845824872336193503e-06 -1.667698076248096949e-06 8.331112786016961578e-07 -2.081548431482452947e-06 3.642643798400303032e-06
7.238536132351357541e-08 -6.660009526579535350e-08 2.310325305832827706e-06 1.584990479545379045e-09 -6.288561378247539695e-09 -1.070683527478218138e-08 -1.082012089010650870e-08 3.697354504880873168e-07 -9.635783261345447769e-09 -2.585583644495658903e-04 6.738029384676900008e-06 1.275065936748412702e-04 -6.886646327863363694e-05 1.435826570222462691e-04 -1.776187829936581300e-04 -2.210920154386689353e-05 6.428617930226854932e-05 3.349497594513354670e-03 4.542731696042936280e-05 5.392443727390707582e-04 6.013016812354580673e-04 -2.278697456177233835e-07 -2.146882176028362233e-07 -3.348109843972729984e-08 -2.845381676134124726e-07 6.416488957767858780e-08 -2.642972162607945155e-06
-2.363142749115813005e-07 -7.296310501504675944e-08 -2.848872232698216474e-07 -8.035115978376751665e-10 3.442595497398341089e-09 -5.586852134870456335e-08 -7.462728799279854868e-08 -9.635783261345447769e-09 3.763000026559028300e-07 7.592012508798267169e-04 -2.996634595713180624e-06 -2.772713029412539394e-05 2.868748940528011103e-05 -1.085531073737439571e-06 -2.759592498934038807e-05 3.609233645770694617e-04 8.213122473321568572e-04 1.163076825830212837e-04 -7.056408349190479337e-05 -4.696878104428576172e-04 -1.470049348108961110e-03 -4.158217359048982886e-07 -8.689148137551426099e-08 -1.377103442659536389e-06 4.092428330466358178e-07 -1.295466797255310839e-06 -3.549960612891941101e-06
-2.315738082725745002e-03 -4.193435669955259369e-03 -2.707424756721360862e-02 -5.363855557387960278e-05 -9.412128498030708219e-05 -5.670133248645603833e-04 1.518009143111331285e-04 -2.585583644495657819e-04 7.592012508798267169e-04 4.335813948717589028e+01 -3.749544678408968656e-01 -1.056602107725642670e+00 2.813626018572169540e-01 5.428666657622332331e-02 3.611716083775790564e-01 -6.100096367859503488e+00 -3.324158451371727807e+01 3.257836937182390358e+01 1.085300409214918771e+00 -1.426738454263092670e+01 -5.474995279164013340e+01 -1.173592105087640190e-02 -5.672074462455090754e-03 -1.249328364540418408e-02 1.083885965294951494e-02 -9.645912784213067290e-03 1.091730938183972134e-02
1.483465331399788526e-04 1.000857790794440662e-04 2.677436845165507076e-03 2.440954632629275359e-06 -1.409382270939805991e-06 5.974902685325764109e-05 -8.483466617958820643e-06 6.738029384676900008e-06 -2.996634595713181048e-06 -3.749544678408968656e-01 8.219103559351417787e-02 -1.669287749068093171e-02 1.181161568009406236e-03 -2.409349114269475258e-03 3.268069032500904927e-03 9.558939450833768559e-02 1.062016311986554995e-01 -6.730979721088397039e-01 9.620177694811066216e-01 1.845341936126567717e+00 7.112670153913444038e-01 3.479288226372176840e-04 1.468784155151779008e-04 1.266328836263719997e-04 1.243141400617048720e-04 -1.196695900839066977e-03 -6.971668733355995164e-04
1.674135557991542718e-03 1.180256127605267035e-03 4.484273428549308965e-02 1.953422653485397862e-05 -7.442986637146498173e-05 5.913016829709565048e-04 3.121723267803476194e-04 1.275065936748412702e-04 -2.772713029412538716e-05 -1.056602107725642670e+00 -1.669287749068093171e-02 3.807928166441095996e+00 -2.610674391666439664e+00 -1.917937858199651180e-01 6.896957555281019170e-02 2.493236123872529131e+00 3.332504269506881389e+00 -3.016477078363658038e+01 -3.450523198835400596e+00 7.844500686044503013e+00 5.506657987013410249e+00 6.868613004797111902e-04 -1.556907362809244405e-03 2.839275864794023330e-03 5.782164903849757853e-04 2.422249758519838102e-03 1.942604833518116192e-02
-1.969703225511654655e-03 -2.366238032397556968e-03 -5.883615953076552080e-02 -2.826122494996140475e-05 1.106693048375378150e-04 -5.784702780709468934e-04 -1.886393886143954320e-04 -6.886646327863365049e-05 2.868748940528011781e-05 2.813626018572170651e-01 1.181161568009404719e-03 -2.610674391666439664e+00 5.591118589364944214e+00 4.152445076292254900e-02 -8.716693362808088097e-02 -1.955938183400548480e+00 -2.410656865965751905e+00 1.527416699757437968e+01 -4.788585704483772965e+00 -1.203648596816231375e+01 -9.528240943217349823e+00 -1.935950806880912213e-03 1.974130032956948090e-03 9.195013466687499987e-04 -1.099240153456461337e-05 7.707322248904448008e-04 -1.359010064837220221e-02
-6.027634262686559817e-04 2.471732851257844193e-04 -1.155067490566859256e-02 3.613970184094647343e-06 3.249730800353031805e-05 -1.759266069605587676e-04 -3.777003774017424585e-05 1.435826570222462691e-04 -1.085531073737445288e-06 5.428666657622329555e-02 -2.409349114269479161e-03 -1.917937858199651457e-01 4.152445076292256287e-02 3.269658150035378075e+00 5.716054433021979797e-01 6.939723940137386415e-02 -1.088713133906828445e-01 -7.682010104791770821e+00 -4.952485793896920785e-01 -6.244634861512747825e-01 -1.661101348377863884e-01 3.379081515004702004e-03 -1.151131845863079132e-03 2.682821083415646082e-03 -3.102067310544504627e-03 -3.975467306302880519e-03 -5.061536399516539803e-03
-1.058581095940202080e-04 -4.151255382086616865e-04 -1.660892539376054161e-02 -8.383915995004218223e-06 1.185416879689277255e-05 7.814377773452054366e-05 8.024444223148840757e-05 -1.776187829936581029e-04 -2.759592498934038129e-05 3.611716083775791120e-01 3.268069032500905361e-03 6.896957555281020558e-02 -8.716693362808090872e-02 5.716054433021979797e-01 3.272498041027990912e+00 2.752201122488903806e+00 3.000235292377302798e+00 5.560861036395352563e+00 -1.557508606938724727e+00 -1.169816649751825199e+00 -1.385645347151143847e+00 1.766058624353893276e-03 -5.504136356036833230e-04 -2.420034610680486808e-03 7.404389342134504691e-04 2.026345527894606643e-03 9.886569894491315652e-03
-4.031692109351852141e-04 -1.026726118451937544e-04 -1.903421010499948066e-02 -1.008345604915414075e-05 2.804622045326699882e-05 -2.032873859312117051e-04 1.432123540578026451e-04 -2.210920154386689015e-05 3.609233645770694617e-04 -6.100096367859503488e+00 9.558939450833768559e-02 2.493236123872529131e+00 -1.955938183400548480e+00 6.939723940137387803e-02 2.752201122488903806e+00 1.049628262359197706e+01 1.925923288360502639e+01 -1.359840868343421327e+01 2.576853266376887941e+00 4.059946980213950951e+00 5.470490475725127588e+00 -1.140904021486392322e-04 -1.052902180747011416e-03 -4.831593682459223160e-03 2.253020146388481741e-03 5.172653193923056579e-03 1.411301660250559309e-02
3.452716996932915007e-04 1.510151988743612316e-03 -2.841737561795907793e-02 -5.330745979415829310e-06 9.911108731618744987e-05 -9.909622541746843007e-04 1.058007109821143413e-03 6.428617930226853577e-05 8.213122473321568572e-04 -3.324158451371728518e+01 1.062016311986554995e-01 3.332504269506881389e+00 -2.410656865965751905e+00 -1.088713133906828029e-01 3.000235292377301910e+00 1.925923288360502639e+01 5.384819995360405187e+01 -2.545799635862734078e+01 2.967090030783090970e+00 7.474986117867999269e+00 3.342086142088098200e+01 5.360680471575424155e-03 2.198202372596191109e-03 -2.847198494450913810e-03 -4.192745171334497263e-03 1.238244991323781026e-02 -5.667860923388977519e-03
-3.032559141736454467e-02 -2.579314271927314259e-02 -8.783075043363245404e-01 -4.632390397256608045e-04 1.171519472074335558e-03 -1.655541518124304182e-02 1.921556632756718811e-03 3.349497594513354670e-03 1.163076825830212837e-04 3.257836937182390358e+01 -6.730979721088397039e-01 -3.016477078363658038e+01 1.527416699757437968e+01 -7.682010104791770821e+00 5.560861036395352563e+00 -1.359840868343421327e+01 -2.545799635862734078e+01 7.718540211457660689e+02 6.207318143812958766e+01 -5.788790463544025044e+01 -5.682523505670877739e+01 -1.890988822995023216e-02 8.562142431609628263e-03 -3.538677459253693897e-02 3.061914051699181349e-02 -4.523685380741579443e-02 -1.871486236536590575e-01
-8.777738394180207779e-03 -6.221080729419389832e-03 -3.114250505722612750e-01 -1.905302098925378733e-04 3.841036462786601505e-04 -5.249909600468002230e-03 3.934545944034147850e-04 4.542731696042936280e-05 -7.056408349190477981e-05 1.085300409214918771e+00 9.620177694811066216e-01 -3.450523198835400596e+00 -4.788585704483772965e+00 -4.952485793896919675e-01 -1.557508606938724727e+00 2.576853266376887941e+00 2.967090030783090970e+00 6.207318143812958766e+01 6.202011845764985765e+01 4.126083095277051882e+01 1.647568953483120779e+01 -1.308748003940194728e-03 6.098262508747521234e-04 -1.258167970683455456e-02 9.499577868634343641e-03 -1.956775906952209348e-02 -2.513466948570325724e-02
1.664348300176022449e-03 2.486227177536735455e-03 -7.250710134482919733e-02 -4.375610563919900704e-05 9.119284447633590909e-05 -1.180721110118536929e-03 1.024319751408252340e-03 5.392443727390707582e-04 -4.696878104428576714e-04 -1.426738454263092848e+01 1.845341936126567717e+00 7.844500686044503013e+00 -1.203648596816231375e+01 -6.244634861512747825e-01 -1.169816649751825199e+00 4.059946980213950951e+00 7.474986117867999269e+00 -5.788790463544025044e+01 4.126083095277051882e+01 8.955637701827687636e+01 5.585583405212138075e+01 1.223277026693450967e-02 -1.986741484327291635e-04 8.205679623453603425e-03 5.454312256372617802e-03 -1.615852030012170787e-02 5.350823781331089796e-02
4.168683546230103967e-03 5.115144654546152810e-03 -7.888003599573140123e-02 -1.017246547356103738e-05 2.446208645253174089e-04 -1.967802417450470291e-03 2.406786629501364832e-03 6.013016812354580673e-04 -1.470049348108961110e-03 -5.474995279164013340e+01 7.112670153913444038e-01 5.506657987013409361e+00 -9.528240943217349823e+00 -1.661101348377864717e-01 -1.385645347151143847e+00 5.470490475725127588e+00 3.342086142088098200e+01 -5.682523505670877739e+01 1.647568953483120779e+01 5.585583405212138075e+01 1.048144185586517807e+02 2.016483439547026024e-02 4.691069538309070031e-03 1.386738191884892210e-02 -1.026736772680093834e-02 1.065914164611773268e-02 2.657438695121186467e-02
6.296735538694324927e-06 2.875913543076961377e-06 -2.983278997028514777e-04 -1.424102641583858975e-08 7.008999098355150167e-07 1.908440375305511912e-06 8.974563420365122115e-07 -2.278697456177233835e-07 -4.158217359048983945e-07 -1.173592105087639843e-02 3.479288226372176298e-04 6.868613004797117323e-04 -1.935950806880912213e-03 3.379081515004702871e-03 1.766058624353893710e-03 -1.140904021486394083e-04 5.360680471575422421e-03 -1.890988822995022522e-02 -1.308748003940192559e-03 1.223277026693450793e-02 2.016483439547026024e-02 1.467134267957108471e-03 2.543452545127780455e-04 3.816239954242063755e-05 -3.618028107957794635e-04 -8.882179573320008467e-05 -8.905547592612398429e-06
7.124567544452739476e-06 1.474135245843489438e-06 1.444872863889384710e-04 4.816070344262816227e-08 -3.858938694449248366e-07 2.536774566734789081e-06 1.845824872336193715e-06 -2.146882176028362233e-07 -8.689148137551423452e-08 -5.672074462455092489e-03 1.468784155151778737e-04 -1.556907362809244189e-03 1.974130032956948090e-03 -1.151131845863079132e-03 -5.504136356036833230e-04 -1.052902180747011633e-03 2.198202372596191542e-03 8.562142431609633467e-03 6.098262508747521234e-04 -1.986741484327299225e-04 4.691069538309070031e-03 2.543452545127779913e-04 8.369690436374223590e-04 -1.362987368691755796e-05 7.147810458445731999e-04 -1.560658178296959436e-06 -7.373985991376647226e-04
-9.425500389327225176e-06 5.715150890187840018e-06 5.912387972582628867e-04 9.283008266501072627e-08 -1.593452283301055085e-06 -1.730713153395296691e-06 -1.667698076248096314e-06 -3.348109843972725352e-08 -1.377103442659536389e-06 -1.249328364540418582e-02 1.266328836263720811e-04 2.839275864794024197e-03 9.195013466687498903e-04 2.682821083415646082e-03 -2.420034610680485941e-03 -4.831593682459223160e-03 -2.847198494450913810e-03 -3.538677459253693203e-02 -1.258167970683455456e-02 8.205679623453605159e-03 1.386738191884891863e-02 3.816239954242063077e-05 -1.362987368691755457e-05 7.155714619601953597e-03 -4.873303974080771066e-04 7.679869462223913633e-04 4.810876759167725600e-03
-4.904377224947480436e-06 -3.596456225860721764e-07 -4.581470216374720363e-04 -1.670608770743063822e-07 4.510394958280679477e-07 -1.582013904830955722e-06 8.331112786016941461e-07 -2.845381676134118374e-07 4.092428330466361884e-07 1.083885965294951320e-02 1.243141400617048177e-04 5.782164903849752432e-04 -1.099240153456442702e-05 -3.102067310544505494e-03 7.404389342134483007e-04 2.253020146388486078e-03 -4.192745171334495528e-03 3.061914051699178227e-02 9.499577868634341907e-03 5.454312256372625609e-03 -1.026736772680092794e-02 -3.618028107957793550e-04 7.147810458445730914e-04 -4.873303974080769982e-04 2.882244892064972624e-03 4.200917480588576289e-04 -7.080219109705108071e-04
7.263492257519933567e-06 -1.298862716809049352e-05 -1.708034392828758656e-03 -2.713290786252952584e-07 3.654646517684916973e-06 2.623903561263176615e-06 -2.081548431482458030e-06 6.416488957767838928e-08 -1.295466797255311686e-06 -9.645912784213067290e-03 -1.196695900839066327e-03 2.422249758519842873e-03 7.707322248904444756e-04 -3.975467306302882253e-03 2.026345527894602740e-03 5.172653193923056579e-03 1.238244991323782934e-02 -4.523685380741582912e-02 -1.956775906952211777e-02 -1.615852030012170787e-02 1.065914164611771187e-02 -8.882179573320012533e-05 -1.560658178296936355e-06 7.679869462223914717e-04 4.200917480588576289e-04 6.673307098060766822e-03 7.946108512958537096e-03
-1.196937536680324498e-04 -2.129317879076517996e-05 -3.555943945896305504e-03 -5.997695604255622388e-07 8.247911093179059963e-06 -7.497266466876180175e-05 3.642643798400308537e-06 -2.642972162607945155e-06 -3.549960612891939407e-06 1.091730938183973522e-02 -6.971668733356002753e-04 1.942604833518116192e-02 -1.359010064837220567e-02 -5.061536399516538935e-03 9.886569894491315652e-03 1.411301660250558788e-02 -5.667860923388944559e-03 -1.871486236536590020e-01 -2.513466948570326417e-02 5.350823781331099510e-02 2.657438695121184385e-02 -8.905547592612159566e-06 -7.373985991376647226e-04 4.810876759167727335e-03 -7.080219109705109155e-04 7.946108512958537096e-03 7.159634125392720649e-02
